000000000000000000000000000000000000000000000000000000000000000000000000000000000000000000000000000000000000000000000000000000000000000000000000000000000000000000000000000000000000000000000000000000000000000000000000000000
000000000000000000000000000000000000000000000000000000000000000000000000000000000000000000000000000000000000000000000000000000000000000000000000000000000000000000000000000000000000000000000000000000000000000000000000000000
000000000000000000000000000000000000000000000000000000000000000000000000000000000000000000000000000000000000000000000000000000000000000000000000000000000000000000000000000000000000000000000000000000000000000000000000000000
000000000000000000000000000000000000000000000000000000000000000000000000000000000000000000000000000000000000000000000000000000000000000000000000000000000000000000000000000000000000000000000000000000000000000000000000000000
000000000000000000000000000000000000000000000000000000000000000000000000000000000000000000000000000000000000000000000000000000000000000000000000000000000000000000000000000000000000000000000000000000000000000000000000000000
000000000000000000000000000000000000000000000000000000000000000000000000000000000000000000000000000000000000000000000000000000000000000000000000000000000000000000000000000000000000000000000000000000000000000000000000000000
000000000000000000000000000000000000000000000000000000000000000000000000000000000000000000000000000000000000000000000000000000000000000000000000000000000000000000000000000000000000000000000000000000000000000000000000000000
000000000000000000000000000000000000000000000000000000000000000000000000000000000000000000000000000000000000000000000000000000000000000000000000000000000000000000000000000000000000000000000000000000000000000000000000000000
000000000000000000000000000000000000000000000000000000000000000000000000000000000000000000000000000000000000000000000000000000000000000000000000000000000000000000000000000000000000000000000000000000000000000000000000000000
000000000000000000000000000000000000000000000000000000000000000000000000000000000000000000000000000000000000000000000000000000000000000000000000000000000000000000000000000000000000000000000000000000000000000000000000000000
000000000000000000000000000000000000000000000000000000000000000000000000000000000000000000000000000000000000000000000000000000000000000000000000000000000000000000000000000000000000000000000000000000000000000000000000000000
000000000000000000000000000000000000000000000000000000000000000000000000000000000000000000000000000000000000000000000000000000000000000000000000000000000000000000000000000000000000000000000000000000000000000000000000000000
000000000000000000000000000000000000000000000000000000000000000000000000000000000000000000000000000000000000000000000000000000000000000000000000000000000000000000000000000000000000000000000000000000000000000000000000000000
000000000000000000000000000000000000000000000000000000000000000000000000000000000000000000000000000000000000000000000000000000000000000000000000000000000000000000000000000000000000000000000000000000000000000000000000000000
000000000000000000000000000000000000000000000000000000000000000000000000000000000000000000000000000000000000000000000000000000000000000000000000000000000000000000000000000000000000000000000000000000000000000000000000000000
000000000000000000000000000000000000000000000000000000000000000000000000000000000000000000000000000000000000000000000000000000000000000000000000000000000000000000000000000000000000000000000000000000000000000000000000000000
000000000000000000000000000000000000000000000000000000000000000000000000000000000000000000000000000000000000000000000000000000000000000000000000000000000000000000000000000000000000000000000000000000000000000000000000000000
000000000000000000000000000000000000000000000000000000000000000000000000000000000000000000000000000000000000000000000000000000000000000000000000000000000000000000000000000000000000000000000000000000000000000000000000000000
000000000000000000000000000000000000000000000000000000000000000000000000000000000000000000000000000000000000000000000000000000000000000000000000000000000000000000000000000000000000000000000000000000000000000000000000000000
000000000000000000000000000000000000000000000000000000000000000000000000000000000000000000000000000000000000000000000000000000000000000000000000000000000000000000000000000000000000000000000000000000000000000000000000000000
000000000000000000888888800000000000000000000000000000008888888000000000000000000000000000000888888000000000000000000000000000888888888888880000000000000000000000000000008888880000000000000000000000008888888888888800000000
000000000000000088888888888000000000000000000000000000088888880000000000000000000000000000888888888880000000000000000000000000888888888888880000000000000000000000000000088888800000000000000000000000008888888888888000000000
000000000000000888888888888800000000000000000000000008888888880000000000000000000000000008888888888888000000000000000000000000888888888888800000000000000000000000000000888888000000000000000000000000088888888888888000000000
000000000000008888888888888800000000000000000000000088888888880000000000000000000000000088888888888888000000000000000000000008888888888888800000000000000000000000000000888880000000000000000000000000088888888888888000000000
000000000000008888800008888880000000000000000000000888888888880000000000000000000000000088888800888888000000000000000000000000000000088888000000000000000000000000000008888800000000000000000000000000088888000000000000000000
000000000000088888000000888880000000000000000000000888880888880000000000000000000000000888880000088888800000000000000000000000000000888880000000000000000000000000000088888000000000000000000000000000088880000000000000000000
000000000000088888000000888880000000000000000000000888800888880000000000000000000000000888880000088888000000000000000000000000000008888800000000000000000000000000000888888000000000000000000000000000088880000000000000000000
000000000000088888000000888800000000000000000000000880000888800000000000000000000000000000000000088888000000000000000000000000000888888000000000000000000000000000008888880000000000000000000000000000088880000000000000000000
000000000000088880000000888800000000000000000000008000008888800000000000000000000000000000000000088888000000000000000000000000008888880000000000000000000000000000088888800000000000000000000000000000888888888880000000000000
000000000000088880088800888800000000000000000000000000008888800000000000000000000000000000000000888888000000000000000000000000008888888800000000000000000000000000888888000000000000000000000000000000888888888888800000000000
000000000000088880888808888800000000000000000000000000008888800000000000000000000000000000000008888880000000000000000000000000008888888880000000000000000000000000888880008888800000000000000000000000888888888888880000000000
000000000000888880888808888800000000000000000000000000008888800000000000000000000000000000000088888800000000000000000000000000008888888888000000000000000000000008888800008888800000000000000000000000888888888888880000000000
000000000000888880888008888800000000000000000000000000008888800000000000000000000000000000000888888000000000000000000000000000000000088888000000000000000000000088888000008888800000000000000000000000000000000888880000000000
000000000000888880000008888000000000000000000000000000008888000000000000000000000000000000008888880000000000000000000000000000000000088888000000000000000000000088888000008888800000000000000000000000000000000888880000000000
000000000000888800000008888000000000000000000000000000088888000000000000000000000000000000088888800000000000000000000000000000000000088888000000000000000000000088880000008888800000000000000000000000000000000888880000000000
000000000000888800000008888000000000000000000000000000088888000000000000000000000000000008888888000000000000000000000000000000000000088888000000000000000000000888888888888888000000000000000000000000000000000888880000000000
000000000000888800000088888000000000000000000000000000088888000000000000000000000000000088888880000000000000000000000000008888800000088888000000000000000000000888888888888888000000000000000000000088888000000888880000000000
000000000008888800000088888000000000000000000000000000088888000000000000000000000000000888888000000000000000000000000000008888800000088888000000000000000000000888888888888888000000000000000000000088888000000888880000000000
000000000000888880000888880000000000000000000000000000088888000000000000000000000000008888880000000000000000000000000000008888880008888880000000000000000000000888888888888888000000000000000000000088888800088888800000000000
000000000000888888888888880000000000000000000000088888888888888800000000000000000000088888888888888880000000000000000000008888888888888880000000000000000000000000000000088888000000000000000000000088888888888888800000000000
000000000000888888888888800000000000000000000000088888888888888800000000000000000000088888888888888800000000000000000000000888888888888800000000000000000000000000000000088888000000000000000000000008888888888888000000000000
000000000000088888888888000000000000000000000000888888888888888800000000000000000000088888888888888800000000000000000000000088888888888000000000000000000000000000000000088880000000000000000000000000888888888880000000000000
000000000000000888888800000000000000000000000000888888888888888800000000000000000000088888888888888800000000000000000000000000888888800000000000000000000000000000000000888880000000000000000000000000008888880000000000000000
000000000000000000000000000000000000000000000000000000000000000000000000000000000000000000000000000000000000000000000000000000000000000000000000000000000000000000000000000000000000000000000000000000000000000000000000000000
000000000000000000000000000000000000000000000000000000000000000000000000000000000000000000000000000000000000000000000000000000000000000000000000000000000000000000000000000000000000000000000000000000000000000000000000000000
000000000000000000000000000000000000000000000000000000000000000000000000000000000000000000000000000000000000000000000000000000000000000000000000000000000000000000000000000000000000000000000000000000000000000000000000000000
000000000000000000000000000000000000000000000000000000000000000000000000000000000000000000000000000000000000000000000000000000000000000000000000000000000000000000000000000000000000000000000000000000000000000000000000000000
000000000000000000000000000000000000000000000000000000000000000000000000000000000000000000000000000000000000000000000000000000000000000000000000000000000000000000000000000000000000000000000000000000000000000000000000000000
000000000000000000000000000000000000000000000000000000000000000000000000000000000000000000000000000000000000000000000000000000000000000000000000000000000000000000000000000000000000000000000000000000000000000000000000000000
000000000000000000000000000000000000000000000000000000000000000000000000000000000000000000000000000000000000000000000000000000000000000000000000000000000000000000000000000000000000000000000000000000000000000000000000000000
000000000000000000000000000000000000000000000000000000000000000000000000000000000000000000000000000000000000000000000000000000000000000000000000000000000000000000000000000000000000000000000000000000000000000000000000000000
000000000000000000000000000000000000000000000000000000000000000000000000000000000000000000000000000000000000000000000000000000000000000000000000000000000000000000000000000000000000000000000000000000000000000000000000000000
000000000000000000000000000000000000000000000000000000000000000000000000000000000000000000000000000000000000000000000000000000000000000000000000000000000000000000000000000000000000000000000000000000000000000000000000000000
000000000000000000000000000000000000000000000000000000000000000000000000000000000000000000000000000000000000000000000000000000000000000000000000000000000000000000000000000000000000000000000000000000000000000000000000000000
000000000000000000000000000000000000000000000000000000000000000000000000000000000000000000000000000000000000000000000000000000000000000000000000000000000000000000000000000000000000000000000000000000000000000000000000000000
000000000000000000000000000000000000000000000000000000000000000000000000000000000000000000000000000000000000000000000000000000000000000000000000000000000000000000000000000000000000000000000000000000000000000000000000000000
000000000000000000000000000000000000000000000000000000000000000000000000000000000000000000000000000000000000000000000000000000000000000000000000000000000000000000000000000000000000000000000000000000000000000000000000000000
000000000000000000000000000000000000000000000000000000000000000000000000000000000000000000000000000000000000000000000000000000000000000000000000000000000000000000000000000000000000000000000000000000000000000000000000000000
000000000000000000000000000000000000000000000000000000000000000000000000000000000000000000000000000000000000000000000000000000000000000000000000000000000000000000000000000000000000000000000000000000000000000000000000000000
000000000000000000000000000000000000000000000000000000000000000000000000000000000000000000000000000000000000000000000000000000000000000000000000000000000000000000000000000000000000000000000000000000000000000000000000000000
000000000000000000000000000000000000000000000000000000000000000000000000000000000000000000000000000000000000000000000000000000000000000000000000000000000000000000000000000000000000000000000000000000000000000000000000000000
000000000000000000000000000000000000000000000000000000000000000000000000000000000000000000000000000000000000000000000000000000000000000000000000000000000000000000000000000000000000000000000000000000000000000000000000000000
000000000000000000000000000000000000000000000000000000000000000000000000000000000000000000000000000000000000000000000000000000000000000000000000000000000000000000000000000000000000000000000000000000000000000000000000000000
000000000000000000000000000000000000000000000000000000000000000000000000000000000000000000000000000000000000000000000000000000000000000000000000000000000000000000000000000000000000000000000000000000000000000000000000000000
000000000000000000000000000000000000000000000000000000000000000000000000000000000000000000000000000000000000000000000000000000000000000000000000000000000000000000000000000000000000000000000000000000000000000000000000000000
000000000000000000000000000000000000000000000000000000000000000000000000000000000000000000000000000000000000000000000000000000000000000000000000000000000000000000000000000000000000000000000000000000000000000000000000000000
000000000000000000000000000000000000000000000000000000000000000000000000000000000000000000000000000000000000000000000000000000000000000000000000000000000000000000000000000000000000000000000000000000000000000000000000000000
000000000000000000000000000000000000000000000000000000000000000000000000000000000000000000000000000000000000000000000000000000000000000000000000000000000000000000000000000000000000000000000000000000000000000000000000000000
000000000000000000008888880000000000000000000000000888888888888888880000000000000000000000008888888000000000000000000000000000000888888800000000000000000000000000000000888880000000000000000000000000000000000000000000000000
000000000000000000008888800000000000000000000000000888888888888888800000000000000000000000888888888880000000000000000000000000088888888888000000000000000000000000000008888880000000000000000000000000000000000000000000000000
000000000000000000088888000000000000000000000000000888888888888888800000000000000000000008888888888888000000000000000000000000888888888888800000000000000000000000000008888800000000000000000000000000000000000000000000000000
000000000000000000888888000000000000000000000000000888888888888888800000000000000000000088888888888888000000000000000000000008888888888888800000000000000000000000000088888800000000000000000000000000000000000000000000000000
000000000000000000888880000000000000000000000000008888800000088888800000000000000000000088888800088888800000000000000000000088888800008888880000000000000000000000000088888000000000000000000000000000000000000000000000000000
000000000000000008888800000000000000000000000000008888800000088888000000000000000000000088880000008888800000000000000000000088888000000888880000000000000000000000000888888000000000000000000000000000000000000000000000000000
000000000000000088888000000000000000000000000000008888800000888880000000000000000000000888880000008888000000000000000000000088880000000888880000000000000000000000000888880000000000000000000000000000000000000000000000000000
000000000000000888880000000000000000000000000000008888800008888880000000000000000000000888880000088888000000000000000000000088880000000888880000000000000000000000008888800000000000000000000000000000000000000000000000000000
000000000000000888888888800000000000000000000000000000000008888800000000000000000000000088888000888880000000000000000000000888880000000888880000000000000000000000008888800000000000000000000000000000000000000000000000000000
000000000000008888888888880000000000000000000000000000000088888800000000000000000000000088888888888880000000000000000000000888888000088888800000000000000000000000088888000000000000000000000000000000000000000000000000000000
000000000000088888888888888000000000000000000000000000000088888000000000000000000000000008888888888000000000000000000000000088888888888888800000000000000000000000088888000000000000000000000000000000000000000000000000000000
000000000000088888888888888000000000000000000000000000000888880000000000000000000000000088888888888800000000000000000000000088888888888888000000000000000000000000888880000000000000000000000000000000000000000000000000000000
000000000000888888000088888800000000000000000000000000008888880000000000000000000000000888888888888880000000000000000000000008888888888888000000000000000000000000888880000000000000000000000000000000000000000000000000000000
000000000000888880000008888800000000000000000000000000008888800000000000000000000000008888880000888880000000000000000000000000888880888880000000000000000000000008888800000000000000000000000000000000000000000000000000000000
000000000008888800000008888800000000000000000000000000088888000000000000000000000000008888800000088880000000000000000000000000000008888800000000000000000000000008888800000000000000000000000000000000000000000000000000000000
000000000008888800000008888000000000000000000000000000888888000000000000000000000000088888000000088888000000000000000000000000000088888800000000000000000000000088888000000000000000000000000000000000000000000000000000000000
000000000008888800000008888000000000000000000000000000888880000000000000000000000000088888000000088880000000000000000000000000000888888000000000000000000000000088888000000000000000000000000000000000000000000000000000000000
000000000008888800000088888000000000000000000000000008888880000000000000000000000000088888000000888880000000000000000000000000000888880000000000000000000000000888880000000000000000000000000000000000000000000000000000000000
000000000008888880008888880000000000000000000000000008888800000000000000000000000000088888800008888880000000000000000000000000008888880000000000000000000000000888880000000000000000000000000000000000000000000000000000000000
000000000000888888888888880000000000000000000000000088888000000000000000000000000000088888888888888800000000000000000000000000088888800000000000000000000000008888800000000000000000000000000000000000000000000000000000000000
000000000000888888888888800000000000000000000000000888888000000000000000000000000000008888888888888000000000000000000000000000888888000000000000000000000000008888800000000000000000000000000000000000000000000000000000000000
000000000000088888888888000000000000000000000000000888880000000000000000000000000000000888888888880000000000000000000000000000888880000000000000000000000000088888000000000000000000000000000000000000000000000000000000000000
000000000000000888888800000000000000000000000000008888880000000000000000000000000000000008888888000000000000000000000000000008888880000000000000000000000000088888000000000000000000000000000000000000000000000000000000000000
000000000000000000000000000000000000000000000000000000000000000000000000000000000000000000000000000000000000000000000000000000000000000000000000000000000000888880000000000000000000000000000000000000000000000000000000000000
000000000000000000000000000000000000000000000000000000000000000000000000000000000000000000000000000000000000000000000000000000000000000000000000000000000000000000000000000000000000000000000000000000000000000000000000000000
000000000000000000000000000000000000000000000000000000000000000000000000000000000000000000000000000000000000000000000000000000000000000000000000000000000000000000000000000000000000000000000000000000000000000000000000000000
000000000000000000000000000000000000000000000000000000000000000000000000000000000000000000000000000000000000000000000000000000000000000000000000000000000000000000000000000000000000000000000000000000000000000000000000000000
000000000000000000000000000000000000000000000000000000000000000000000000000000000000000000000000000000000000000000000000000000000000000000000000000000000000000000000000000000000000000000000000000000000000000000000000000000
